# any line started with '#' '\n' ' ' will be ignored
# 林森路三段與開南街口

# SPaT packet tranfer speed
# default 10 Hz
SPaT_packet_transfer_speed 1

# MAP packet tranfer speed
# default 1 Hz
MAP_packet_transfer_speed 1
MAP_dontSend2TC 1


LaneSet_table_start
# LaneId, LaneDirection, ApproachId, LaneIndex, SharedWith, LaneType, LaneAttributes, NodeCount, NodeLon NodeLat, ...
0,  egress,  1, 1, 3 4 5 7, vehicle, 0, 3, 120.2245079 23.0066812, 120.2242893 23.0070589, 120.2237059 23.0079033 # 北端
1,  egress,  1, 2, 3 4 5 7, vehicle, 0, 3, 120.2245334 23.0066997, 120.2243175 23.0070725, 120.2237354 23.0079131
2,  ingress, 1, 1, 3 4 5 7, vehicle, 0, 4, 120.2243923 23.0067017, 120.2242676 23.0069461, 120.2240302 23.007309, 120.2236574 23.007862
3,  ingress, 1, 2, 3 4 5 7, vehicle, 0, 4, 120.2243439 23.0067256, 120.2242326 23.0069354, 120.2240971 23.0071478, 120.2236318 23.0078464

4,  egress,  2, 1, 3 4 5 7, vehicle, 0, 2, 120.2247201 23.0064713, 120.226725 23.0062763
5,  ingress, 2, 1, 3 4 5 7, vehicle, 0, 3, 120.2247331 23.0065037, 120.2261654 23.0063482, 120.2267233 23.0062852 # 東

6,  egress,  3, 1, 3 4 5 7, vehicle, 0, 4, 120.2247669 23.006289, 120.2252886 23.0059471, 120.2256386 23.0056965, 120.2261764 23.0052608
7,  ingress, 3, 1, 3 4 5 7, vehicle, 0, 4, 120.2247967 23.0063016, 120.2253265 23.0059437, 120.2258723 23.0055523, 120.2262116 23.0053005 # 東南

8,  egress,  4, 1, 3 4 5 7, vehicle, 0, 3, 120.2245449 23.0063728, 120.2247032 23.0059309, 120.2248172 23.0054087
9,  egress,  4, 2, 3 4 5 7, vehicle, 0, 3, 120.2245168 23.0063641, 120.2246656 23.0059259, 120.224785 23.0054112
10, ingress, 4, 1, 3 4 5 7, vehicle, 0, 4, 120.224608 23.0063248, 120.2247274 23.0059989, 120.224836 23.0055816, 120.2248749 23.0053668 # 南端
11, ingress, 4, 2, 3 4 5 7, vehicle, 0, 5, 120.2246469 23.006305, 120.2247488 23.0060087, 120.22484 23.0056767, 120.2248682 23.0055705, 120.2249071 23.0053755

12, egress,  5, 1, 3 4 5 7, vehicle, 0, 2, 120.2243342 23.0063169, 120.2236193 23.0054701
13, ingress, 5, 1, 3 4 5 7, vehicle, 0, 2, 120.2243597 23.0062873, 120.2236449 23.0054441 # 西南

14, egress,  6, 1, 3 4 5 7, vehicle, 0, 2, 120.2241228 23.0067763, 120.2226852 23.0078033
15, ingress, 6, 1, 3 4 5 7, vehicle, 0, 3, 120.2241023 23.0067369, 120.222961 23.0075615, 120.2226579 23.0077603 # 西端
LaneSet_table_end

LaneSet_connectsTo_table_start
# LaneID, LeftConnectingLane, ..., StraightConnectingLane, ..., RightConnectingLane, ...
2,  2, 4, 6,     1, 8,      0           # 北
3,  0,           1, 9,      2, 12, 14
5,  3, 6, 8, 9,  2, 12, 14, 2, 0, 1     # 東
7,  3, 8, 9, 12, 1, 14,     3, 0, 1, 4  # 東南
10, 2, 12, 14,   1, 0,      0           # 南
11, 0,           1, 1,      2, 4, 6
13, 3, 0, 1, 14, 1, 4,      3, 6, 8, 9  # 西南
15, 2, 0, 1,     2, 4, 6,   3, 8, 9, 12 # 西
LaneSet_connectsTo_table_end

SignalGroupID_table_start
# SignalGroupID, ApproachId, SignalGreenType, SignalID
0, 1, 0, 1, 0 # 北
1, 2, 0, 4, 0 # 東
2, 3, 0, 2, 0 # 東南
3, 4, 0, 3, 0 # 南
4, 5, 0, 4, 0 # 西南
5, 6, 0, 2, 0 # 西
SignalGroupID_table_end